97
100
100
100
100
100
100
100
100
100
100
100
100
100
100
100
100
100
100
100
100
100
100
100
100
100
100
100
0
4790792
7010648
7010652
4790792
0
4789312
10
7010240
1955407368
7012300
7010588
7010648
4790792
7010488
4327946
0
7010588
7010376
4789312
7010648
4790792
7010652
4435003
7010412
0
7010475
2
49
1955407368
4789312
9250312
2147483647
4811322
214748364
1
10
4790792
4756
7540264
1
2613248
7540496
2007404681
7540264
4789312
4789312
49
0
-1352568917
7540496
4375920
0
7010336
1955175296
4411536
49
0
4790592
7559260
0
4789312
7010680
7010716
7010648
4790792
7010680
4327946
0
7010716
7010652
7010588
